    A   C   D   E   F   G   H   I   K   L   M   N   P   Q   R   S   T   V   W   Y
A 0.0 0.1 0.6 0.4 0.4 0.4 0.5 0.4 0.3 0.1 0.2 0.4 0.1 8.0 0.4 0.4 0.2 0.4 4.6 0.7
C 0.1 0.0 4.9 0.2 1.5 1.0 0.3 0.2 0.2 0.1 0.2 0.2 0.4 4.5 6.0 0.3 0.4 0.2 8.0 0.2
D 0.6 4.9 0.0 0.2 0.7 1.0 0.8 8.0 6.7 1.1 8.0 0.6 8.0 0.7 1.2 1.0 0.7 0.8 8.0 0.8
E 0.4 0.2 0.2 0.0 8.0 0.9 0.2 0.2 0.3 0.8 6.8 5.7 0.7 0.4 0.6 0.8 0.7 0.6 8.0 8.0
F 0.4 1.5 0.7 8.0 0.0 0.7 0.2 0.6 0.5 0.7 8.0 0.6 0.9 8.0 0.9 0.4 0.3 0.7 0.4 0.5
G 0.4 1.0 1.0 0.9 0.7 0.0 8.0 6.3 0.4 1.1 0.5 0.7 1.0 6.9 0.8 0.6 0.6 0.6 1.2 1.5
H 0.5 0.3 0.8 0.2 0.2 8.0 0.0 8.0 8.0 0.8 0.3 4.2 0.9 0.6 8.0 8.0 0.3 0.5 5.7 0.3
I 0.4 0.2 8.0 0.2 0.6 6.3 8.0 0.0 0.1 0.1 0.2 8.0 0.8 0.5 0.8 0.7 0.1 0.1 6.4 0.6
K 0.3 0.2 6.7 0.3 0.5 0.4 8.0 0.1 0.0 0.1 0.1 0.1 8.0 0.1 0.2 8.0 8.0 0.2 0.1 0.1
L 0.1 0.1 1.1 0.8 0.7 1.1 0.8 0.1 0.1 0.0 0.4 0.4 8.0 0.6 1.3 0.2 0.1 0.2 0.8 0.5
M 0.2 0.2 8.0 6.8 8.0 0.5 0.3 0.2 0.1 0.4 0.0 8.0 0.7 0.4 0.7 0.5 0.7 0.3 0.5 0.6
N 0.4 0.2 0.6 5.7 0.6 0.7 4.2 8.0 0.1 0.4 8.0 0.0 0.5 0.3 0.9 0.5 8.0 0.3 1.0 0.6
P 0.1 0.4 8.0 0.7 0.9 1.0 0.9 0.8 8.0 8.0 0.7 0.5 0.0 5.8 1.1 8.0 8.0 0.8 8.0 8.0
Q 8.0 4.5 0.7 0.4 8.0 6.9 0.6 0.5 0.1 0.6 0.4 0.3 5.8 0.0 8.0 0.8 0.4 0.2 0.8 0.5
R 0.4 6.0 1.2 0.6 0.9 0.8 8.0 0.8 0.2 1.3 0.7 0.9 1.1 8.0 0.0 0.7 0.5 0.7 8.0 1.2
S 0.4 0.3 1.0 0.8 0.4 0.6 8.0 0.7 8.0 0.2 0.5 0.5 8.0 0.8 0.7 0.0 0.3 0.3 8.0 0.5
T 0.2 0.4 0.7 0.7 0.3 0.6 0.3 0.1 8.0 0.1 0.7 8.0 8.0 0.4 0.5 0.3 0.0 0.1 8.0 1.0
V 0.4 0.2 0.8 0.6 0.7 0.6 0.5 0.1 0.2 0.2 0.3 0.3 0.8 0.2 0.7 0.3 0.1 0.0 0.7 0.5
W 4.6 8.0 8.0 8.0 0.4 1.2 5.7 6.4 0.1 0.8 0.5 1.0 8.0 0.8 8.0 8.0 8.0 0.7 0.0 0.7
Y 0.7 0.2 0.8 8.0 0.5 1.5 0.3 0.6 0.1 0.5 0.6 0.6 8.0 0.5 1.2 0.5 1.0 0.5 0.7 0.0
